
Width = 300
Height = 300
InputImage[0] = 0.403922
Histogram[0] = 0
Histogram[1] = 0
Histogram[20] = 25
Histogram[45] = 378
Histogram[56] = 716
Image[0] = 0.440000
Image[1] = 0.447765
Image[36] = 0.497412
Image[400] = 0.323843
Image[900] = 0.469647
Image[1405] = 0.302863
Image[85000] = 0.282824
Row=0 of Gaussian filter = 0.050101 0.115281 0.050101 
Row=1 of Gaussian filter = 0.115281 0.265258 0.115281 
Row=2 of Gaussian filter = 0.050101 0.115281 0.050101 
Otsu's Threshold = 97.119141

